50,50,17924.01815734171
100,60,8291.048835284264
150,60,8291.048835284264
200,60,8291.048835284264
250,60,8291.048835284264
300,60,4818.8574601839755
350,60,3539.742930741584
400,60,3504.226709280833
450,60,3504.226709280833
500,60,3504.226709280833
550,61,3503.0845355685437
600,72,3503.0845355685437
650,95,3502.4557251404417
700,124,3356.147007828668
750,171,3166.4380014714106
800,220,2962.3956081778147
850,269,2656.4876012450195
900,319,2614.416018619677
950,359,2614.416018619677
1000,392,2614.416018619677
1050,436,2018.9849653340084
1100,485,1836.95931598355
1150,535,1408.7348595072995
1200,583,1215.7429724886138
1250,632,1022.1096412659024
1300,682,1003.7312561199806
1350,732,1002.7478955290891
1400,782,1002.7478955290891
1450,832,1002.7478955290891
1500,882,1002.7478955290891
1550,932,1002.7478955290891
1600,982,1002.7478955290891
1650,1032,1002.3250607119869
1700,1082,1002.2487762137971
1750,1132,1002.2487762137971
1800,1182,1002.2487762137971
1850,1232,1002.0442791258248
1900,1282,1002.0442791258248
1950,1332,1002.0442791258248
2000,1382,1002.0442791258248
2050,1432,1001.9773517715341
2100,1482,1001.8044977455844
2150,1532,1001.8044977455844
2200,1582,1001.7170900339185
2250,1632,1001.7170900339185
2300,1682,1001.6897598671736
2350,1732,1001.6178138403546
2400,1782,1001.5457668718846
2450,1832,1001.5457668718846
2500,1882,1001.5457668718846
2550,1932,1001.5386882187178
2600,1982,1001.4709793007952
2650,2032,1001.4709793007952
2700,2082,1001.4709793007952
2750,2132,1001.4709793007952
2800,2182,1001.3812831492844
2850,2232,1001.3692431193377
2900,2282,1001.3692431193377
2950,2332,1001.3692431193377
3000,2382,1001.3692431193377
3050,2432,1001.323010536674
3100,2482,1001.2914610158754
3150,2532,1001.2914610158754
3200,2582,1001.2914610158754
3250,2632,1001.2914610158754
3300,2682,1001.2690821701941
3350,2732,1001.2591408377828
3400,2782,1001.2549481526211
3450,2832,1001.2549481526211
3500,2882,1001.2549481526211
3550,2932,1001.2549481526211
3600,2982,1001.2549481526211
3650,3032,1001.2549481526211
3700,3082,1001.22565016154
3750,3132,1001.2104843558791
3800,3182,1001.2104843558791
3850,3232,1001.2104843558791
3900,3282,1001.2104843558791
3950,3332,1001.2007173215582
4000,3382,1001.2007173215582
4050,3432,1001.2007173215582
4100,3482,1001.2007173215582
4150,3532,1001.2007173215582
4200,3582,1001.1962922857053
4250,3632,1001.1889501503449
4300,3682,1001.1889501503449
4350,3732,1001.1889501503449
4400,3782,1001.1889501503449
4450,3832,1001.1889501503449
4500,3882,1001.1889501503449
4550,3932,1001.188201209296
4600,3982,1001.188201209296
4650,4032,1001.188201209296
4700,4082,1001.188201209296
4750,4132,1001.188201209296
4800,4182,1001.1851878791307
4850,4232,1001.1851878791307
4900,4282,1001.1750087529383
4950,4332,1001.1750087529383
5000,4382,1001.1750087529383
5050,4432,1001.1750087529383
5100,4482,1001.1750087529383
5150,4532,1001.1750087529383
5200,4582,1001.1750087529383
5250,4632,1001.1750087529383
5300,4682,1001.1750087529383
5350,4732,1001.1750087529383
5400,4782,1001.1750087529383
5450,4832,1001.1750087529383
5500,4882,1001.1750087529383
5550,4932,1001.1750087529383
5600,4982,1001.1722750123338
5650,5032,1001.1722750123338
5700,5082,1001.1722750123338
5750,5132,1001.1722750123338
5800,5182,1001.1722750123338
5850,5232,1001.1722750123338
5900,5282,1001.1722750123338
5950,5332,1001.1722750123338
6000,5382,1001.1722750123338
6050,5432,1001.1722750123338
6100,5482,1001.1722750123338
6150,5532,1001.1722750123338
6200,5582,1001.1722750123338
6250,5632,1001.1722750123338
6300,5682,1001.1722750123338
6350,5732,1001.1722750123338
6400,5782,1001.1722750123338
6450,5832,1001.1722750123338
6500,5882,1001.1722750123338
6550,5932,1001.1722750123338
6600,5982,1001.1722750123338
6650,6032,1001.1722750123338
6700,6082,1001.1722750123338
6750,6132,1001.1722750123338
6800,6182,1001.1722750123338
6850,6232,1001.1722750123338
6900,6282,1001.1722750123338
6950,6332,1001.1722750123338
7000,6382,1001.1722750123338
7050,6432,1001.1722750123338
7100,6482,1001.1722750123338
7150,6532,1001.1722750123338
7200,6582,1001.1722750123338
7250,6632,1001.1722750123338
7300,6682,1001.1722750123338
7350,6732,1001.1722750123338
7400,6782,1001.1722750123338
7450,6832,1001.1722750123338
7500,6882,1001.1722750123338
7550,6932,1001.1722750123338
7600,6982,1001.1722750123338
7650,7032,1001.1722750123338
7700,7082,1001.1722750123338
7750,7132,1001.1722750123338
7800,7182,1001.1722750123338
7850,7232,1001.1722750123338
7900,7282,1001.1722750123338
7950,7332,1001.1722750123338
8000,7382,1001.1722750123338
8050,7432,1001.1722750123338
8100,7482,1001.1722750123338
8150,7532,1001.1722750123338
8200,7582,1001.1722750123338
8250,7632,1001.1722750123338
8300,7682,1001.1722750123338
8350,7732,1001.1722750123338
8400,7782,1001.1722750123338
8450,7832,1001.1722750123338
8500,7882,1001.1722750123338
8550,7932,1001.1722750123338
8600,7982,1001.1722750123338
8650,8032,1001.1722750123338
8700,8082,1001.1722750123338
8750,8132,1001.1722750123338
8800,8182,1001.1722750123338
8850,8232,1001.1722750123338
8900,8282,1001.1722750123338
8950,8332,1001.1722750123338
9000,8382,1001.1722750123338
9050,8432,1001.1722750123338
9100,8482,1001.1659756728213
9150,8532,1001.1659756728213
9200,8582,1001.1659756728213
9250,8632,1001.1659756728213
9300,8682,1001.1659756728213
9350,8732,1001.1554621696025
9400,8782,1001.1554621696025
9450,8832,1001.1554621696025
9500,8882,1001.1554621696025
9550,8932,1001.1554621696025
9600,8982,1001.1554621696025
9650,9032,1001.1554621696025
9700,9082,1001.1554621696025
9750,9132,1001.1554621696025
9800,9182,1001.1554621696025
9850,9232,1001.1554621696025
9900,9282,1001.1554621696025
9950,9332,1001.1554621696025
10000,9382,1001.1554621696025
