50,50,1311.9401022041666
100,74,1275.0870744735612
150,77,1275.0870744735612
200,79,1275.0870744735612
250,96,1275.0870744735612
300,133,1256.8402090893253
350,172,1179.7933335045172
400,204,1164.926191989842
450,212,1162.0933850794108
500,238,1135.4762167677177
550,261,1132.6809522144836
600,287,1132.6809522144836
650,307,1107.7439573255706
700,318,1107.7439573255706
750,335,1093.3725122992873
800,363,1093.3725122992873
850,408,1093.3725122992873
900,456,1093.3725122992873
950,506,1093.3725122992873
1000,555,1093.3725122992873
1050,605,1089.9697172656618
1100,654,1089.9697172656618
1150,701,1089.9697172656618
1200,749,1089.9697172656618
1250,799,1089.9697172656618
1300,849,1089.9697172656618
1350,898,1085.6656124275366
1400,948,1075.312658382726
1450,998,1075.312658382726
1500,1047,1075.312658382726
1550,1096,1075.312658382726
1600,1145,1075.312658382726
1650,1195,1075.312658382726
1700,1245,1075.312658382726
1750,1295,1071.567553169368
1800,1345,1071.567553169368
1850,1395,1071.567553169368
1900,1444,1069.3370608355415
1950,1494,1069.3370608355415
2000,1544,1069.3370608355415
2050,1594,1069.3370608355415
2100,1644,1069.3370608355415
2150,1694,1069.3370608355415
2200,1744,1069.3370608355415
2250,1794,1069.3370608355415
2300,1844,1068.276029284023
2350,1894,1066.1510987533138
2400,1944,1066.1510987533138
2450,1994,1066.1510987533138
2500,2044,1066.1510987533138
2550,2094,1066.1510987533138
2600,2144,1066.1510987533138
2650,2194,1066.1510987533138
2700,2244,1066.1510987533138
2750,2294,1066.1510987533138
2800,2344,1066.1510987533138
2850,2394,1064.7197567675032
2900,2444,1064.7197567675032
2950,2494,1064.7197567675032
3000,2544,1064.7197567675032
3050,2594,1064.5151375754813
3100,2644,1064.5151375754813
3150,2694,1064.5151375754813
3200,2744,1064.5151375754813
3250,2794,1064.5151375754813
3300,2844,1064.5151375754813
3350,2894,1064.5151375754813
3400,2944,1064.5151375754813
3450,2994,1064.5151375754813
3500,3044,1064.5151375754813
3550,3094,1064.5151375754813
3600,3144,1064.5151375754813
3650,3194,1064.5151375754813
3700,3244,1064.5151375754813
3750,3294,1064.5151375754813
3800,3344,1064.5151375754813
3850,3394,1064.5151375754813
3900,3444,1064.5151375754813
3950,3494,1064.5151375754813
4000,3544,1064.2192065614813
4050,3594,1064.2192065614813
4100,3644,1064.2192065614813
4150,3694,1064.2192065614813
4200,3744,1064.2192065614813
4250,3794,1064.2192065614813
4300,3844,1064.2192065614813
4350,3894,1064.2192065614813
4400,3944,1064.1927693123464
4450,3994,1064.1927693123464
4500,4044,1064.1927693123464
4550,4094,1064.1927693123464
4600,4144,1064.1927693123464
4650,4194,1064.1927693123464
4700,4244,1064.1927693123464
4750,4294,1064.1927693123464
4800,4344,1064.1927693123464
4850,4394,1064.1927693123464
4900,4444,1064.1927693123464
4950,4494,1064.1927693123464
5000,4544,1064.1927693123464
5050,4594,1064.1927693123464
5100,4644,1064.1927693123464
5150,4694,1064.1927693123464
5200,4744,1064.1927693123464
5250,4794,1064.1927693123464
5300,4844,1064.1927693123464
5350,4894,1063.0032665377328
5400,4944,1063.0032665377328
5450,4994,1063.0032665377328
5500,5044,1063.0032665377328
5550,5094,1063.0032665377328
5600,5144,1063.0032665377328
5650,5194,1062.9170052284658
5700,5244,1062.9170052284658
5750,5294,1062.9170052284658
5800,5344,1062.9170052284658
5850,5394,1062.9170052284658
5900,5444,1062.9170052284658
5950,5494,1062.9170052284658
6000,5544,1062.9170052284658
6050,5594,1062.9170052284658
6100,5644,1062.9170052284658
6150,5694,1061.8178565422604
6200,5744,1061.8178565422604
6250,5794,1061.8178565422604
6300,5844,1061.8178565422604
6350,5894,1061.8178565422604
6400,5944,1061.8178565422604
6450,5994,1061.8178565422604
6500,6044,1061.8178565422604
6550,6094,1061.8178565422604
6600,6144,1061.8178565422604
6650,6194,1061.8178565422604
6700,6244,1061.8178565422604
6750,6294,1061.8178565422604
6800,6344,1061.8178565422604
6850,6394,1061.8178565422604
6900,6444,1061.8178565422604
6950,6494,1061.8178565422604
7000,6544,1061.8178565422604
7050,6594,1061.8178565422604
7100,6644,1061.8178565422604
7150,6694,1061.8178565422604
7200,6744,1061.8178565422604
7250,6794,1061.8178565422604
7300,6844,1061.8178565422604
7350,6894,1061.8178565422604
7400,6944,1061.8178565422604
7450,6994,1061.8178565422604
7500,7044,1061.8178565422604
7550,7094,1061.8178565422604
7600,7144,1061.8178565422604
7650,7194,1061.8178565422604
7700,7244,1061.8178565422604
7750,7294,1061.8178565422604
7800,7344,1061.8178565422604
7850,7394,1061.8178565422604
7900,7444,1061.8178565422604
7950,7494,1061.8178565422604
8000,7544,1061.8178565422604
8050,7594,1061.8178565422604
8100,7644,1061.8178565422604
8150,7694,1061.8178565422604
8200,7744,1061.8178565422604
8250,7794,1061.8178565422604
8300,7844,1061.8178565422604
8350,7894,1061.8178565422604
8400,7944,1061.8178565422604
8450,7994,1061.8178565422604
8500,8044,1061.8178565422604
8550,8094,1061.8178565422604
8600,8144,1061.8178565422604
8650,8194,1061.8178565422604
8700,8244,1061.8178565422604
8750,8294,1061.8178565422604
8800,8344,1061.8178565422604
8850,8394,1061.8178565422604
8900,8444,1061.8178565422604
8950,8494,1061.8178565422604
9000,8544,1061.8178565422604
9050,8594,1061.8178565422604
9100,8644,1061.8178565422604
9150,8694,1061.8178565422604
9200,8744,1061.8178565422604
9250,8794,1061.8178565422604
9300,8844,1061.3080761734843
9350,8894,1061.3080761734843
9400,8944,1061.3080761734843
9450,8994,1061.3080761734843
9500,9044,1061.3080761734843
9550,9094,1061.3080761734843
9600,9144,1061.3080761734843
9650,9194,1061.3080761734843
9700,9244,1061.3080761734843
9750,9294,1061.3080761734843
9800,9344,1061.3080761734843
9850,9394,1061.3080761734843
9900,9444,1061.3080761734843
9950,9494,1061.3080761734843
10000,9544,1061.3080761734843
